8_30_35718.0:37,
13_30_31213.0:2,18,13,37,8,16,0,32,8,37,7,14,14,0,0,18,14,0,32,8,37,7,14,14,8,39,18,2,0,18,14,0,32,8,37,7,14,13,37,8,16,0,32,8,37,7,14,14,0,16,18,0,32,8,37,7,14,14,0,13,18,16,0,32,8,37,7,14,14,0,37,8,0,7,14,37,18,0,8,0,7,14,37,18,16,0,32,8,37,7,14,14,0,37,8,
32_30_31198.0:0,8,37,7,14,
8_30_32846.0:16,18,0,32,8,37,7,14,14,0,13,18,16,0,32,8,37,7,14,14,0,37,8,0,7,14,37,
13_30_33113.0:37,8,
13_30_33054.0:18,16,0,32,8,37,7,14,14,0,37,8,
32_30_30333.0:13,7,18,39,2,0,18,14,0,32,8,37,7,14,13,37,8,16,0,32,8,37,7,14,14,0,0,14,2,18,13,37,8,16,0,32,8,37,7,14,14,0,0,18,14,0,32,8,37,7,14,14,8,39,18,2,0,18,14,0,32,8,37,7,14,13,37,8,16,0,32,8,37,7,14,14,0,16,18,0,32,8,37,7,14,14,0,13,18,16,0,32,8,37,7,14,14,0,37,8,0,7,14,37,18,0,8,0,7,14,37,18,16,0,32,8,37,7,14,14,0,37,8,0,8,37,7,14,
18_30_33113.0:16,0,32,8,37,7,14,14,0,
39_30_32846.0:18,2,0,18,14,0,32,8,37,7,14,13,37,8,16,0,32,8,37,7,14,14,0,
0_30_35718.0:7,14,
7_30_30264.0:14,32,13,7,18,39,2,0,18,14,0,32,8,37,7,14,13,37,8,16,0,32,8,37,7,14,14,0,0,14,2,18,13,37,8,16,0,32,8,37,7,14,14,0,0,18,14,0,32,8,37,7,14,14,8,39,18,2,0,18,14,0,32,8,37,7,14,13,37,8,16,0,32,8,37,7,14,14,0,16,18,0,32,8,37,7,14,14,0,13,18,16,0,32,8,37,7,14,14,0,37,8,0,7,14,37,18,0,8,0,7,14,37,18,16,0,32,8,37,7,14,14,0,37,8,0,8,37,7,14,13,8,0,7,14,37,18,16,0,32,8,37,7,14,14,0,37,8,8,39,18,2,0,18,14,0,32,8,37,7,14,13,37,8,16,0,32,8,37,7,14,14,0,16,18,0,32,8,37,7,14,14,0,13,18,16,0,32,8,37,7,14,14,0,37,8,0,7,14,37,18,0,13,2,18,13,37,8,16,0,32,8,37,7,14,14,0,0,18,14,0,32,8,37,7,14,14,8,39,18,2,0,18,14,0,32,8,37,7,14,13,37,8,16,0,32,8,37,7,14,14,0,16,18,0,32,8,37,7,14,14,0,13,18,16,0,32,8,37,7,14,14,0,37,8,0,7,14,37,18,0,8,0,7,14,37,18,16,0,32,8,37,7,14,14,0,37,8,18,39,2,0,18,14,0,32,8,37,7,14,13,37,8,16,0,32,8,37,7,14,14,0,0,14,
16_30_32890.0:18,0,32,8,37,7,14,14,0,
14_30_30320.0:37,13,32,0,8,37,7,14,7,18,39,2,0,18,14,0,32,8,37,7,14,13,37,8,16,0,32,8,37,7,14,14,0,0,14,2,18,13,37,8,16,0,32,8,37,7,14,14,0,0,18,14,0,32,8,37,7,14,14,8,39,18,2,0,18,14,0,32,8,37,7,14,13,37,8,16,0,32,8,37,7,14,14,0,16,18,0,32,8,37,7,14,14,0,13,18,16,0,32,8,37,7,14,14,0,37,8,0,7,14,37,18,0,8,0,7,14,37,18,16,0,32,8,37,7,14,14,0,37,8,8,7,13,2,18,13,37,8,16,0,32,8,37,7,14,14,0,0,18,14,0,32,8,37,7,14,14,8,39,18,2,0,18,14,0,32,8,37,7,14,13,37,8,16,0,32,8,37,7,14,14,0,16,18,0,32,8,37,7,14,14,0,13,18,16,0,32,8,37,7,14,14,0,37,8,0,7,14,37,18,0,8,0,7,14,37,18,16,0,32,8,37,7,14,14,0,37,8,18,39,2,0,18,14,0,32,8,37,7,14,13,37,8,16,0,32,8,37,7,14,14,0,0,14,32,13,7,18,39,2,0,18,14,0,32,8,37,7,14,13,37,8,16,0,32,8,37,7,14,14,0,0,14,2,18,13,37,8,16,0,32,8,37,7,14,14,0,0,18,14,0,32,8,37,7,14,14,8,39,18,2,0,18,14,0,32,8,37,7,14,13,37,8,16,0,32,8,37,7,14,14,0,16,18,0,32,8,37,7,14,14,0,13,18,16,0,32,8,37,7,14,14,0,37,8,0,7,14,37,18,0,8,0,7,14,37,18,16,0,32,8,37,7,14,14,0,37,8,0,8,37,7,14,13,8,0,7,14,37,18,16,0,32,8,37,7,14,14,0,37,8,8,39,18,2,0,18,14,0,32,8,37,7,14,13,37,8,16,0,32,8,37,7,14,14,0,16,18,0,32,8,37,7,14,14,0,13,18,16,0,32,8,37,7,14,14,0,37,8,0,7,14,37,18,0,
13_30_31683.0:8,0,7,14,37,18,16,0,32,8,37,7,14,14,0,37,8,
2_30_32999.0:0,18,14,0,32,8,37,7,14,
13_30_31198.0:7,18,39,2,0,18,14,0,32,8,37,7,14,13,37,8,16,0,32,8,37,7,14,14,0,0,14,2,18,13,37,8,16,0,32,8,37,7,14,14,0,0,18,14,0,32,8,37,7,14,14,8,39,18,2,0,18,14,0,32,8,37,7,14,13,37,8,16,0,32,8,37,7,14,14,0,16,18,0,32,8,37,7,14,14,0,13,18,16,0,32,8,37,7,14,14,0,37,8,0,7,14,37,18,0,8,0,7,14,37,18,16,0,32,8,37,7,14,14,0,37,8,
13_30_31391.0:14,8,39,18,2,0,18,14,0,32,8,37,7,14,13,37,8,16,0,32,8,37,7,14,14,0,16,18,0,32,8,37,7,14,14,0,13,18,16,0,32,8,37,7,14,14,0,37,8,0,7,14,37,18,0,8,0,7,14,37,18,16,0,32,8,37,7,14,14,0,37,8,
2_30_31391.0:18,13,37,8,16,0,32,8,37,7,14,14,0,0,18,14,0,32,8,37,7,14,
7_30_30331.0:13,2,18,13,37,8,16,0,32,8,37,7,14,14,0,0,18,14,0,32,8,37,7,14,14,8,39,18,2,0,18,14,0,32,8,37,7,14,13,37,8,16,0,32,8,37,7,14,14,0,16,18,0,32,8,37,7,14,14,0,13,18,16,0,32,8,37,7,14,14,0,37,8,0,7,14,37,18,0,8,0,7,14,37,18,16,0,32,8,37,7,14,14,0,37,8,18,39,2,0,18,14,0,32,8,37,7,14,13,37,8,16,0,32,8,37,7,14,14,0,0,14,
14_30_31683.0:8,39,18,2,0,18,14,0,32,8,37,7,14,13,37,8,16,0,32,8,37,7,14,14,0,16,18,0,32,8,37,7,14,14,0,13,18,16,0,32,8,37,7,14,14,0,37,8,0,7,14,37,18,0,
8_30_32832.0:39,18,2,0,18,14,0,32,8,37,7,14,13,37,8,16,0,32,8,37,7,14,14,0,16,18,0,32,8,37,7,14,14,0,13,18,16,0,32,8,37,7,14,14,0,37,8,0,7,14,37,
8_30_33054.0:0,7,14,37,
14_30_36253.0:0,
18_30_32999.0:13,37,8,16,0,32,8,37,7,14,14,0,
0_30_35884.0:14,
37_30_30322.0:13,32,0,8,37,7,14,7,18,39,2,0,18,14,0,32,8,37,7,14,13,37,8,16,0,32,8,37,7,14,14,0,0,14,2,18,13,37,8,16,0,32,8,37,7,14,14,0,0,18,14,0,32,8,37,7,14,14,8,39,18,2,0,18,14,0,32,8,37,7,14,13,37,8,16,0,32,8,37,7,14,14,0,16,18,0,32,8,37,7,14,14,0,13,18,16,0,32,8,37,7,14,14,0,37,8,0,7,14,37,18,0,8,0,7,14,37,18,16,0,32,8,37,7,14,14,0,37,8,8,
32_30_30311.0:14,13,8,0,7,14,37,18,16,0,32,8,37,7,14,14,0,37,8,8,39,18,2,0,18,14,0,32,8,37,7,14,13,37,8,16,0,32,8,37,7,14,14,0,16,18,0,32,8,37,7,14,14,0,13,18,16,0,32,8,37,7,14,14,0,37,8,0,7,14,37,18,0,13,7,18,39,2,0,18,14,0,32,8,37,7,14,13,37,8,16,0,32,8,37,7,14,14,0,0,14,2,18,13,37,8,16,0,32,8,37,7,14,14,0,0,18,14,0,32,8,37,7,14,14,8,39,18,2,0,18,14,0,32,8,37,7,14,13,37,8,16,0,32,8,37,7,14,14,0,16,18,0,32,8,37,7,14,14,0,13,18,16,0,32,8,37,7,14,14,0,37,8,0,7,14,37,18,0,8,0,7,14,37,18,16,0,32,8,37,7,14,14,0,37,8,0,8,37,7,14,
14_30_30333.0:13,8,0,7,14,37,18,16,0,32,8,37,7,14,14,0,37,8,8,39,18,2,0,18,14,0,32,8,37,7,14,13,37,8,16,0,32,8,37,7,14,14,0,16,18,0,32,8,37,7,14,14,0,13,18,16,0,32,8,37,7,14,14,0,37,8,0,7,14,37,18,0,
18_30_32991.0:2,0,18,14,0,32,8,37,7,14,13,37,8,16,0,32,8,37,7,14,14,0,
0_30_35677.0:18,14,0,32,8,37,7,14,
39_30_30330.0:8,16,18,0,32,8,37,7,14,14,0,13,18,16,0,32,8,37,7,14,14,0,37,8,0,7,14,37,18,2,0,18,14,0,32,8,37,7,14,13,37,8,16,0,32,8,37,7,14,14,0,
18_30_32987.0:39,2,0,18,14,0,32,8,37,7,14,13,37,8,16,0,32,8,37,7,14,14,0,
7_30_31213.0:18,39,2,0,18,14,0,32,8,37,7,14,13,37,8,16,0,32,8,37,7,14,14,0,0,14,
18_30_35683.0:14,0,
14_30_0.0:16,40,7,14,32,13,7,18,39,2,0,18,14,0,32,8,37,7,14,13,37,8,16,0,32,8,37,7,14,14,0,0,14,2,18,13,37,8,16,0,32,8,37,7,14,14,0,0,18,14,0,32,8,37,7,14,14,8,39,18,2,0,18,14,0,32,8,37,7,14,13,37,8,16,0,32,8,37,7,14,14,0,16,18,0,32,8,37,7,14,14,0,13,18,16,0,32,8,37,7,14,14,0,37,8,0,7,14,37,18,0,8,0,7,14,37,18,16,0,32,8,37,7,14,14,0,37,8,0,8,37,7,14,13,8,0,7,14,37,18,16,0,32,8,37,7,14,14,0,37,8,8,39,18,2,0,18,14,0,32,8,37,7,14,13,37,8,16,0,32,8,37,7,14,14,0,16,18,0,32,8,37,7,14,14,0,13,18,16,0,32,8,37,7,14,14,0,37,8,0,7,14,37,18,0,13,2,18,13,37,8,16,0,32,8,37,7,14,14,0,0,18,14,0,32,8,37,7,14,14,8,39,18,2,0,18,14,0,32,8,37,7,14,13,37,8,16,0,32,8,37,7,14,14,0,16,18,0,32,8,37,7,14,14,0,13,18,16,0,32,8,37,7,14,14,0,37,8,0,7,14,37,18,0,8,0,7,14,37,18,16,0,32,8,37,7,14,14,0,37,8,18,39,2,0,18,14,0,32,8,37,7,14,13,37,8,16,0,32,8,37,7,14,14,0,0,14,2,14,37,13,32,0,8,37,7,14,7,18,39,2,0,18,14,0,32,8,37,7,14,13,37,8,16,0,32,8,37,7,14,14,0,0,14,2,18,13,37,8,16,0,32,8,37,7,14,14,0,0,18,14,0,32,8,37,7,14,14,8,39,18,2,0,18,14,0,32,8,37,7,14,13,37,8,16,0,32,8,37,7,14,14,0,16,18,0,32,8,37,7,14,14,0,13,18,16,0,32,8,37,7,14,14,0,37,8,0,7,14,37,18,0,8,0,7,14,37,18,16,0,32,8,37,7,14,14,0,37,8,8,7,13,2,18,13,37,8,16,0,32,8,37,7,14,14,0,0,18,14,0,32,8,37,7,14,14,8,39,18,2,0,18,14,0,32,8,37,7,14,13,37,8,16,0,32,8,37,7,14,14,0,16,18,0,32,8,37,7,14,14,0,13,18,16,0,32,8,37,7,14,14,0,37,8,0,7,14,37,18,0,8,0,7,14,37,18,16,0,32,8,37,7,14,14,0,37,8,18,39,2,0,18,14,0,32,8,37,7,14,13,37,8,16,0,32,8,37,7,14,14,0,0,14,32,13,7,18,39,2,0,18,14,0,32,8,37,7,14,13,37,8,16,0,32,8,37,7,14,14,0,0,14,2,18,13,37,8,16,0,32,8,37,7,14,14,0,0,18,14,0,32,8,37,7,14,14,8,39,18,2,0,18,14,0,32,8,37,7,14,13,37,8,16,0,32,8,37,7,14,14,0,16,18,0,32,8,37,7,14,14,0,13,18,16,0,32,8,37,7,14,14,0,37,8,0,7,14,37,18,0,8,0,7,14,37,18,16,0,32,8,37,7,14,14,0,37,8,0,8,37,7,14,13,8,0,7,14,37,18,16,0,32,8,37,7,14,14,0,37,8,8,39,18,2,0,18,14,0,32,8,37,7,14,13,37,8,16,0,32,8,37,7,14,14,0,16,18,0,32,8,37,7,14,14,0,13,18,16,0,32,8,37,7,14,14,0,37,8,0,7,14,37,18,0,13,14,8,39,18,2,0,18,14,0,32,8,37,7,14,13,37,8,16,0,32,8,37,7,14,14,0,16,18,0,32,8,37,7,14,14,0,13,18,16,0,32,8,37,7,14,14,0,37,8,0,7,14,37,18,0,8,0,7,14,37,18,16,0,32,8,37,7,14,14,0,37,8,18,13,37,8,16,0,32,8,37,7,14,14,0,0,18,14,0,32,8,37,7,14,32,14,13,8,0,7,14,37,18,16,0,32,8,37,7,14,14,0,37,8,8,39,18,2,0,18,14,0,32,8,37,7,14,13,37,8,16,0,32,8,37,7,14,14,0,16,18,0,32,8,37,7,14,14,0,13,18,16,0,32,8,37,7,14,14,0,37,8,0,7,14,37,18,0,13,7,18,39,2,0,18,14,0,32,8,37,7,14,13,37,8,16,0,32,8,37,7,14,14,0,0,14,2,18,13,37,8,16,0,32,8,37,7,14,14,0,0,18,14,0,32,8,37,7,14,14,8,39,18,2,0,18,14,0,32,8,37,7,14,13,37,8,16,0,32,8,37,7,14,14,0,16,18,0,32,8,37,7,14,14,0,13,18,16,0,32,8,37,7,14,14,0,37,8,0,7,14,37,18,0,8,0,7,14,37,18,16,0,32,8,37,7,14,14,0,37,8,0,8,37,7,14,39,8,16,18,0,32,8,37,7,14,14,0,13,18,16,0,32,8,37,7,14,14,0,37,8,0,7,14,37,18,2,0,18,14,0,32,8,37,7,14,13,37,8,16,0,32,8,37,7,14,14,0,8,13,18,16,0,32,8,37,7,14,14,0,37,8,0,7,14,37,18,0,32,8,37,7,14,14,0,2,13,14,8,39,18,2,0,18,14,0,32,8,37,7,14,13,37,8,16,0,32,8,37,7,14,14,0,16,18,0,32,8,37,7,14,14,0,13,18,16,0,32,8,37,7,14,14,0,37,8,0,7,14,37,18,0,8,0,7,14,37,18,16,0,32,8,37,7,14,14,0,37,8,18,13,37,8,16,0,32,8,37,7,14,14,0,0,18,14,0,32,8,37,7,14,37,13,32,0,8,37,7,14,7,18,39,2,0,18,14,0,32,8,37,7,14,13,37,8,16,0,32,8,37,7,14,14,0,0,14,2,18,13,37,8,16,0,32,8,37,7,14,14,0,0,18,14,0,32,8,37,7,14,14,8,39,18,2,0,18,14,0,32,8,37,7,14,13,37,8,16,0,32,8,37,7,14,14,0,16,18,0,32,8,37,7,14,14,0,13,18,16,0,32,8,37,7,14,14,0,37,8,0,7,14,37,18,0,8,0,7,14,37,18,16,0,32,8,37,7,14,14,0,37,8,8,7,13,2,18,13,37,8,16,0,32,8,37,7,14,14,0,0,18,14,0,32,8,37,7,14,14,8,39,18,2,0,18,14,0,32,8,37,7,14,13,37,8,16,0,32,8,37,7,14,14,0,16,18,0,32,8,37,7,14,14,0,13,18,16,0,32,8,37,7,14,14,0,37,8,0,7,14,37,18,0,8,0,7,14,37,18,16,0,32,8,37,7,14,14,0,37,8,18,39,2,0,18,14,0,32,8,37,7,14,13,37,8,16,0,32,8,37,7,14,14,0,0,14,32,13,7,18,39,2,0,18,14,0,32,8,37,7,14,13,37,8,16,0,32,8,37,7,14,14,0,0,14,2,18,13,37,8,16,0,32,8,37,7,14,14,0,0,18,14,0,32,8,37,7,14,14,8,39,18,2,0,18,14,0,32,8,37,7,14,13,37,8,16,0,32,8,37,7,14,14,0,16,18,0,32,8,37,7,14,14,0,13,18,16,0,32,8,37,7,14,14,0,37,8,0,7,14,37,18,0,8,0,7,14,37,18,16,0,32,8,37,7,14,14,0,37,8,0,8,37,7,14,13,8,0,7,14,37,18,16,0,32,8,37,7,14,14,0,37,8,8,39,18,2,0,18,14,0,32,8,37,7,14,13,37,8,16,0,32,8,37,7,14,14,0,16,18,0,32,8,37,7,14,14,0,13,18,16,0,32,8,37,7,14,14,0,37,8,0,7,14,37,18,0,
2_30_30320.0:13,14,8,39,18,2,0,18,14,0,32,8,37,7,14,13,37,8,16,0,32,8,37,7,14,14,0,16,18,0,32,8,37,7,14,14,0,13,18,16,0,32,8,37,7,14,14,0,37,8,0,7,14,37,18,0,8,0,7,14,37,18,16,0,32,8,37,7,14,14,0,37,8,18,13,37,8,16,0,32,8,37,7,14,14,0,0,18,14,0,32,8,37,7,14,
8_30_32890.0:13,18,16,0,32,8,37,7,14,14,0,37,8,0,7,14,37,
18_30_33792.0:0,32,8,37,7,14,14,0,
16_30_30015.0:40,7,14,32,13,7,18,39,2,0,18,14,0,32,8,37,7,14,13,37,8,16,0,32,8,37,7,14,14,0,0,14,2,18,13,37,8,16,0,32,8,37,7,14,14,0,0,18,14,0,32,8,37,7,14,14,8,39,18,2,0,18,14,0,32,8,37,7,14,13,37,8,16,0,32,8,37,7,14,14,0,16,18,0,32,8,37,7,14,14,0,13,18,16,0,32,8,37,7,14,14,0,37,8,0,7,14,37,18,0,8,0,7,14,37,18,16,0,32,8,37,7,14,14,0,37,8,0,8,37,7,14,13,8,0,7,14,37,18,16,0,32,8,37,7,14,14,0,37,8,8,39,18,2,0,18,14,0,32,8,37,7,14,13,37,8,16,0,32,8,37,7,14,14,0,16,18,0,32,8,37,7,14,14,0,13,18,16,0,32,8,37,7,14,14,0,37,8,0,7,14,37,18,0,13,2,18,13,37,8,16,0,32,8,37,7,14,14,0,0,18,14,0,32,8,37,7,14,14,8,39,18,2,0,18,14,0,32,8,37,7,14,13,37,8,16,0,32,8,37,7,14,14,0,16,18,0,32,8,37,7,14,14,0,13,18,16,0,32,8,37,7,14,14,0,37,8,0,7,14,37,18,0,8,0,7,14,37,18,16,0,32,8,37,7,14,14,0,37,8,18,39,2,0,18,14,0,32,8,37,7,14,13,37,8,16,0,32,8,37,7,14,14,0,0,14,2,14,37,13,32,0,8,37,7,14,7,18,39,2,0,18,14,0,32,8,37,7,14,13,37,8,16,0,32,8,37,7,14,14,0,0,14,2,18,13,37,8,16,0,32,8,37,7,14,14,0,0,18,14,0,32,8,37,7,14,14,8,39,18,2,0,18,14,0,32,8,37,7,14,13,37,8,16,0,32,8,37,7,14,14,0,16,18,0,32,8,37,7,14,14,0,13,18,16,0,32,8,37,7,14,14,0,37,8,0,7,14,37,18,0,8,0,7,14,37,18,16,0,32,8,37,7,14,14,0,37,8,8,7,13,2,18,13,37,8,16,0,32,8,37,7,14,14,0,0,18,14,0,32,8,37,7,14,14,8,39,18,2,0,18,14,0,32,8,37,7,14,13,37,8,16,0,32,8,37,7,14,14,0,16,18,0,32,8,37,7,14,14,0,13,18,16,0,32,8,37,7,14,14,0,37,8,0,7,14,37,18,0,8,0,7,14,37,18,16,0,32,8,37,7,14,14,0,37,8,18,39,2,0,18,14,0,32,8,37,7,14,13,37,8,16,0,32,8,37,7,14,14,0,0,14,32,13,7,18,39,2,0,18,14,0,32,8,37,7,14,13,37,8,16,0,32,8,37,7,14,14,0,0,14,2,18,13,37,8,16,0,32,8,37,7,14,14,0,0,18,14,0,32,8,37,7,14,14,8,39,18,2,0,18,14,0,32,8,37,7,14,13,37,8,16,0,32,8,37,7,14,14,0,16,18,0,32,8,37,7,14,14,0,13,18,16,0,32,8,37,7,14,14,0,37,8,0,7,14,37,18,0,8,0,7,14,37,18,16,0,32,8,37,7,14,14,0,37,8,0,8,37,7,14,13,8,0,7,14,37,18,16,0,32,8,37,7,14,14,0,37,8,8,39,18,2,0,18,14,0,32,8,37,7,14,13,37,8,16,0,32,8,37,7,14,14,0,16,18,0,32,8,37,7,14,14,0,13,18,16,0,32,8,37,7,14,14,0,37,8,0,7,14,37,18,0,13,14,8,39,18,2,0,18,14,0,32,8,37,7,14,13,37,8,16,0,32,8,37,7,14,14,0,16,18,0,32,8,37,7,14,14,0,13,18,16,0,32,8,37,7,14,14,0,37,8,0,7,14,37,18,0,8,0,7,14,37,18,16,0,32,8,37,7,14,14,0,37,8,18,13,37,8,16,0,32,8,37,7,14,14,0,0,18,14,0,32,8,37,7,14,32,14,13,8,0,7,14,37,18,16,0,32,8,37,7,14,14,0,37,8,8,39,18,2,0,18,14,0,32,8,37,7,14,13,37,8,16,0,32,8,37,7,14,14,0,16,18,0,32,8,37,7,14,14,0,13,18,16,0,32,8,37,7,14,14,0,37,8,0,7,14,37,18,0,13,7,18,39,2,0,18,14,0,32,8,37,7,14,13,37,8,16,0,32,8,37,7,14,14,0,0,14,2,18,13,37,8,16,0,32,8,37,7,14,14,0,0,18,14,0,32,8,37,7,14,14,8,39,18,2,0,18,14,0,32,8,37,7,14,13,37,8,16,0,32,8,37,7,14,14,0,16,18,0,32,8,37,7,14,14,0,13,18,16,0,32,8,37,7,14,14,0,37,8,0,7,14,37,18,0,8,0,7,14,37,18,16,0,32,8,37,7,14,14,0,37,8,0,8,37,7,14,39,8,16,18,0,32,8,37,7,14,14,0,13,18,16,0,32,8,37,7,14,14,0,37,8,0,7,14,37,18,2,0,18,14,0,32,8,37,7,14,13,37,8,16,0,32,8,37,7,14,14,0,8,13,18,16,0,32,8,37,7,14,14,0,37,8,0,7,14,37,18,0,32,8,37,7,14,14,0,
13_30_31195.0:32,0,8,37,7,14,7,18,39,2,0,18,14,0,32,8,37,7,14,13,37,8,16,0,32,8,37,7,14,14,0,0,14,2,18,13,37,8,16,0,32,8,37,7,14,14,0,0,18,14,0,32,8,37,7,14,14,8,39,18,2,0,18,14,0,32,8,37,7,14,13,37,8,16,0,32,8,37,7,14,14,0,16,18,0,32,8,37,7,14,14,0,13,18,16,0,32,8,37,7,14,14,0,37,8,0,7,14,37,18,0,8,0,7,14,37,18,16,0,32,8,37,7,14,14,0,37,8,
14_30_30331.0:32,13,7,18,39,2,0,18,14,0,32,8,37,7,14,13,37,8,16,0,32,8,37,7,14,14,0,0,14,2,18,13,37,8,16,0,32,8,37,7,14,14,0,0,18,14,0,32,8,37,7,14,14,8,39,18,2,0,18,14,0,32,8,37,7,14,13,37,8,16,0,32,8,37,7,14,14,0,16,18,0,32,8,37,7,14,14,0,13,18,16,0,32,8,37,7,14,14,0,37,8,0,7,14,37,18,0,8,0,7,14,37,18,16,0,32,8,37,7,14,14,0,37,8,0,8,37,7,14,13,8,0,7,14,37,18,16,0,32,8,37,7,14,14,0,37,8,8,39,18,2,0,18,14,0,32,8,37,7,14,13,37,8,16,0,32,8,37,7,14,14,0,16,18,0,32,8,37,7,14,14,0,13,18,16,0,32,8,37,7,14,14,0,37,8,0,7,14,37,18,0,
0_30_35686.0:8,37,7,14,
2_30_30302.0:14,37,13,32,0,8,37,7,14,7,18,39,2,0,18,14,0,32,8,37,7,14,13,37,8,16,0,32,8,37,7,14,14,0,0,14,2,18,13,37,8,16,0,32,8,37,7,14,14,0,0,18,14,0,32,8,37,7,14,14,8,39,18,2,0,18,14,0,32,8,37,7,14,13,37,8,16,0,32,8,37,7,14,14,0,16,18,0,32,8,37,7,14,14,0,13,18,16,0,32,8,37,7,14,14,0,37,8,0,7,14,37,18,0,8,0,7,14,37,18,16,0,32,8,37,7,14,14,0,37,8,8,7,13,2,18,13,37,8,16,0,32,8,37,7,14,14,0,0,18,14,0,32,8,37,7,14,14,8,39,18,2,0,18,14,0,32,8,37,7,14,13,37,8,16,0,32,8,37,7,14,14,0,16,18,0,32,8,37,7,14,14,0,13,18,16,0,32,8,37,7,14,14,0,37,8,0,7,14,37,18,0,8,0,7,14,37,18,16,0,32,8,37,7,14,14,0,37,8,18,39,2,0,18,14,0,32,8,37,7,14,13,37,8,16,0,32,8,37,7,14,14,0,0,14,32,13,7,18,39,2,0,18,14,0,32,8,37,7,14,13,37,8,16,0,32,8,37,7,14,14,0,0,14,2,18,13,37,8,16,0,32,8,37,7,14,14,0,0,18,14,0,32,8,37,7,14,14,8,39,18,2,0,18,14,0,32,8,37,7,14,13,37,8,16,0,32,8,37,7,14,14,0,16,18,0,32,8,37,7,14,14,0,13,18,16,0,32,8,37,7,14,14,0,37,8,0,7,14,37,18,0,8,0,7,14,37,18,16,0,32,8,37,7,14,14,0,37,8,0,8,37,7,14,13,8,0,7,14,37,18,16,0,32,8,37,7,14,14,0,37,8,8,39,18,2,0,18,14,0,32,8,37,7,14,13,37,8,16,0,32,8,37,7,14,14,0,16,18,0,32,8,37,7,14,14,0,13,18,16,0,32,8,37,7,14,14,0,37,8,0,7,14,37,18,0,13,14,8,39,18,2,0,18,14,0,32,8,37,7,14,13,37,8,16,0,32,8,37,7,14,14,0,16,18,0,32,8,37,7,14,14,0,13,18,16,0,32,8,37,7,14,14,0,37,8,0,7,14,37,18,0,8,0,7,14,37,18,16,0,32,8,37,7,14,14,0,37,8,18,13,37,8,16,0,32,8,37,7,14,14,0,0,18,14,0,32,8,37,7,14,
0_30_35683.0:32,8,37,7,14,
37_30_34715.0:8,
